   2.8000     5.3800   14.5000  100.0000
   11.0027    5.4525   14.4320   86.0491
   16.8710    5.8660   12.5460   61.0970
   22.9641    6.1845    8.8925   43.0356
   32.3076    6.0200    6.3822   32.4151
   41.5730    5.4219    4.6736   27.8103
   50.4111    4.6982    2.8866   25.3180
   58.5344    3.9987    1.2072   24.2644
   65.7501    3.3981   -0.1304   24.1007
   71.9675    2.9130   -1.1139   24.1000
   77.1860    2.5359   -1.8620   24.1000
   78.7133    2.4308   -2.0776   24.1000
   80.1402    2.3314   -2.2801   24.1000
   82.7085    2.1291   -2.6441   24.1000
   84.9252    1.9033   -2.9451   24.1000
   86.8265    1.6260   -3.1773   24.1000
   88.4487    1.1836   -3.3575   24.1000
   89.1660    0.6000   -3.4280   24.1000